"x"
147
124
124
124
130
143
134
138
129
129
138
124
143
124
124
134
143
147
147
124
147
138
124
134
147
143
147
124
125
124
124
124
134
124
143
162
143
133
151
134
147
153
134
129
124
143
129
147
147
129
124
162
134
134
143
152
143
149
134
134
156
147
147
152
124
151
124
133
129
124
147
124
129
124
124
133
129
147
124
147
124
147
147
129
129
134
124
134
143
129
124
124
124
124
129
124
152
130
147
143
129
124
134
124
129
143
124
124
143
130
124
147
143
124
124
124
124
139
124
129
138
134
143
124
124
129
147
134
138
138
147
143
129
129
143
143
156
143
124
147
138
124
143
147
124
143
143
138
124
134
152
147
152
124
147
129
147
134
138
129
147
129
134
131
147
134
134
147
124
124
134
129
129
143
134
143
124
134
152
129
124
138
151
147
129
124
124
124
156
152
124
143
129
152
134
147
129
129
147
124
        