"x"
129
324
124
504
124
124
124
584
124
684
124
584
129
124
704
684
129
125
504
504
324
124
484
129
129
124
129
124
764
129
504
129
404
770
504
584
324
129
410
124
124
327
684
124
129
764
124
124
125
124
584
124
684
329
124
129
130
584
584
124
124
584
584
585
324
404
324
130
764
764
124
129
124
684
124
124
124
684
584
129
324
124
124
124
504
124
584
128
124
584
129
124
584
129
124
584
584
684
124
764
764
404
124
404
324
129
584
324
584
124
125
124
124
124
124
584
124
124
129
129
133
129
129
584
684
504
129
584
324
584
584
124
504
129
504
129
129
124
324
124
324
764
504
124
124
124
124
584
124
124
129
124
404
124
124
124
129
584
504
764
704
124
224
764
124
124
124
129
684
324
324
584
584
404
404
124
504
584
129
129
404
129
584
324
124
587
584
229
584
124
324
324
324
324
404
124
124
324
510
124
        