"x"
219
239
269
284
124
130
124
174
129
124
124
264
130
129
124
219
239
130
129
129
124
239
124
174
264
284
174
284
219
264
174
219
290
174
129
124
125
174
239
239
239
174
174
124
219
129
264
264
264
124
194
124
194
194
219
239
124
124
124
129
174
177
194
129
249
219
174
124
124
174
124
124
130
239
129
129
239
124
129
284
129
124
124
239
130
124
194
124
194
242
284
239
124
149
194
129
124
239
174
284
124
219
239
284
124
124
174
129
125
125
264
219
239
124
194
269
239
284
194
124
125
130
219
124
174
219
129
124
124
124
219
130
239
129
259
219
219
239
194
124
174
239
219
219
124
194
124
124
124
219
284
124
129
239
124
239
174
124
174
125
124
124
219
124
174
124
129
174
219
169
239
124
124
240
225
124
132
169
129
219
174
239
124
124
124
124
174
194
124
204
219
174
129
124
129
219
130
124
149
129
        