"X"
32
32
37
42
42
42
37
32
32
32
32
34
32
32
32
32
39
42
32
32
34
34
38
37
32
32
32
44
32
44
32
37
38
34
32
32
42
38
42
44
34
32
32
32
32
32
32
42
34
32
32
38
34
37
41
32
34
37
37
42
32
38
34
32
32
32
42
32
32
37
42
32
32
32
32
32
37
32
37
44
37
38
32
32
34
32
37
42
34
34
44
32
34
34
32
38
34
32
34
32
32
42
32
32
34
34
34
39
32
42
34
32
32
32
32
32
34
32
42
37
32
32
34
32
34
34
41
34
34
32
32
34
38
34
32
42
42
34
39
32
32
34
38
37
34
32
42
32
32
34
42
37
32
37
37
37
32
34
34
34
42
38
44
34
32
42
32
32
44
32
32
37
34
44
32
32
32
34
39
32
42
42
38
42
32
32
32
38
42
32
32
34
44
37
32
42
39
32
42
44