"x"
32
82
32
92
32
32
84
82
32
32
32
82
34
32
32
32
82
32
34
32
32
82
32
37
37
32
32
32
32
84
34
32
32
32
32
38
32
82
84
32
82
34
41
32
82
32
34
32
32
37
37
39
92
34
84
32
82
34
32
32
34
34
82
32
39
38
34
34
39
32
32
37
32
32
32
37
32
82
32
32
37
34
39
34
34
39
34
34
32
32
82
32
34
32
32
34
37
82
34
32
84
32
39
32
32
37
32
84
32
32
37
32
32
39
34
82
39
32
32
32
32
34
32
34
32
32
82
32
37
32
82
37
84
34
32
92
32
38
32
92
37
32
84
84
32
32
37
34
32
37
32
82
38
38
82
34
34
37
32
32
32
32
37
32
82
32
32
32
37
32
32
32
82
34
37
82
34
32
37
34
32
32
32
32
37
37
92
34
37
32
37
38
32
37
32
38
34
32
32
38
34
39
32
38
34
32
34
37
38
32
32
34
32
32
34
32
32
34
32
37
32
82        