"X"
32
32
39
32
32
32
34
232
37
232
32
234
32
32
32
37
32
32
232
32
32
32
34
37
32
38
32
32
32
234
232
32
34
34
232
32
32
32
37
38
38
32
32
39
38
232
32
34
32
37
32
32
232
39
32
232
34
232
32
37
232
32
34
32
37
37
37
37
232
32
34
32
32
37
37
37
32
37
32
38
32
232
32
38
32
38
32
32
39
37
32
38
232
32
34
37
32
34
32
37
272
32
32
34
32
32
234
32
32
34
38
32
32
38
34
37
32
32
37
34
232
32
232
34
38
34
34
32
32
34
34
232
232
38
37
32
32
232
272
38
34
32
37
32
272
37
39
38
232
32
32
32
34
32
32
37
32
32
37
34
32
34
37
232
32
38
32
32
32
32
32
32
32
32
32
34
37
234
34
32
32
32
232
37
34
32
32
32
37
37
232
34
32
232
34
32
37
32
232
39